{
 "cells": [
  {
   "cell_type": "code",
   "execution_count": 17,
   "metadata": {},
   "outputs": [],
   "source": [
    "import pandas as pd\n",
    "import os"
   ]
  },
  {
   "cell_type": "code",
   "execution_count": 18,
   "metadata": {},
   "outputs": [],
   "source": [
    "target = '../Chanae-regression/season'"
   ]
  },
  {
   "cell_type": "code",
   "execution_count": 25,
   "metadata": {},
   "outputs": [
    {
     "name": "stdout",
     "output_type": "stream",
     "text": [
      "                    uvb        tp       d2m   minTemp  meanTemp   maxTemp  \\\n",
      "uvb            1.000000 -0.537049  0.175132  0.158106  0.644221  0.812995   \n",
      "tp            -0.537049  1.000000 -0.014726 -0.026170 -0.406656 -0.545062   \n",
      "d2m            0.175132 -0.014726  1.000000  0.854205  0.686140  0.384914   \n",
      "minTemp        0.158106 -0.026170  0.854205  1.000000  0.721627  0.393305   \n",
      "meanTemp       0.644221 -0.406656  0.686140  0.721627  1.000000  0.881866   \n",
      "maxTemp        0.812995 -0.545062  0.384914  0.393305  0.881866  1.000000   \n",
      "RH            -0.702387  0.557747  0.128286 -0.067578 -0.632727 -0.799053   \n",
      "WS            -0.353235  0.244137 -0.291613 -0.083132 -0.347646 -0.431703   \n",
      "durationOfDay  0.552715 -0.242812  0.653882  0.532583  0.737598  0.677246   \n",
      "disease       -0.117562  0.100190 -0.067526  0.105386 -0.010077 -0.061213   \n",
      "\n",
      "                     RH        WS  durationOfDay   disease  \n",
      "uvb           -0.702387 -0.353235       0.552715 -0.117562  \n",
      "tp             0.557747  0.244137      -0.242812  0.100190  \n",
      "d2m            0.128286 -0.291613       0.653882 -0.067526  \n",
      "minTemp       -0.067578 -0.083132       0.532583  0.105386  \n",
      "meanTemp      -0.632727 -0.347646       0.737598 -0.010077  \n",
      "maxTemp       -0.799053 -0.431703       0.677246 -0.061213  \n",
      "RH             1.000000  0.169572      -0.311162 -0.053464  \n",
      "WS             0.169572  1.000000      -0.465063  0.155172  \n",
      "durationOfDay -0.311162 -0.465063       1.000000 -0.238415  \n",
      "disease       -0.053464  0.155172      -0.238415  1.000000  \n",
      "---------------------------------\n",
      "                    uvb        tp       d2m   minTemp  meanTemp   maxTemp  \\\n",
      "uvb            1.000000 -0.526809  0.073850  0.132518  0.621184  0.796671   \n",
      "tp            -0.526809  1.000000  0.020275 -0.035798 -0.397154 -0.538023   \n",
      "d2m            0.073850  0.020275  1.000000  0.838597  0.612990  0.281257   \n",
      "minTemp        0.132518 -0.035798  0.838597  1.000000  0.712242  0.363331   \n",
      "meanTemp       0.621184 -0.397154  0.612990  0.712242  1.000000  0.873061   \n",
      "maxTemp        0.796671 -0.538023  0.281257  0.363331  0.873061  1.000000   \n",
      "RH            -0.713013  0.533890  0.199571 -0.069268 -0.650761 -0.820696   \n",
      "WS            -0.271529  0.128409 -0.318592 -0.134908 -0.355057 -0.398974   \n",
      "durationOfDay  0.513350 -0.220787  0.596943  0.515179  0.714535  0.647373   \n",
      "disease       -0.103184  0.075586 -0.060400  0.111282  0.008831 -0.046555   \n",
      "\n",
      "                     RH        WS  durationOfDay   disease  \n",
      "uvb           -0.713013 -0.271529       0.513350 -0.103184  \n",
      "tp             0.533890  0.128409      -0.220787  0.075586  \n",
      "d2m            0.199571 -0.318592       0.596943 -0.060400  \n",
      "minTemp       -0.069268 -0.134908       0.515179  0.111282  \n",
      "meanTemp      -0.650761 -0.355057       0.714535  0.008831  \n",
      "maxTemp       -0.820696 -0.398974       0.647373 -0.046555  \n",
      "RH             1.000000  0.136681      -0.315332 -0.062888  \n",
      "WS             0.136681  1.000000      -0.487811  0.174826  \n",
      "durationOfDay -0.315332 -0.487811       1.000000 -0.238455  \n",
      "disease       -0.062888  0.174826      -0.238455  1.000000  \n",
      "---------------------------------\n",
      "                    uvb        tp       d2m   minTemp  meanTemp   maxTemp  \\\n",
      "uvb            1.000000 -0.542367  0.154711  0.162789  0.640457  0.809214   \n",
      "tp            -0.542367  1.000000  0.001269 -0.030495 -0.405700 -0.543090   \n",
      "d2m            0.154711  0.001269  1.000000  0.851394  0.665946  0.366935   \n",
      "minTemp        0.162789 -0.030495  0.851394  1.000000  0.726608  0.402103   \n",
      "meanTemp       0.640457 -0.405700  0.665946  0.726608  1.000000  0.883703   \n",
      "maxTemp        0.809214 -0.543090  0.366935  0.402103  0.883703  1.000000   \n",
      "RH            -0.710782  0.562289  0.108251 -0.112548 -0.668709 -0.818789   \n",
      "WS            -0.330157  0.194999 -0.297558 -0.079274 -0.335892 -0.413162   \n",
      "durationOfDay  0.546499 -0.233397  0.633376  0.540195  0.740177  0.678638   \n",
      "disease       -0.118930  0.091376 -0.070662  0.096429 -0.008155 -0.056741   \n",
      "\n",
      "                     RH        WS  durationOfDay   disease  \n",
      "uvb           -0.710782 -0.330157       0.546499 -0.118930  \n",
      "tp             0.562289  0.194999      -0.233397  0.091376  \n",
      "d2m            0.108251 -0.297558       0.633376 -0.070662  \n",
      "minTemp       -0.112548 -0.079274       0.540195  0.096429  \n",
      "meanTemp      -0.668709 -0.335892       0.740177 -0.008155  \n",
      "maxTemp       -0.818789 -0.413162       0.678638 -0.056741  \n",
      "RH             1.000000  0.156210      -0.356811 -0.054188  \n",
      "WS             0.156210  1.000000      -0.465074  0.155422  \n",
      "durationOfDay -0.356811 -0.465074       1.000000 -0.238456  \n",
      "disease       -0.054188  0.155422      -0.238456  1.000000  \n",
      "---------------------------------\n",
      "                    uvb        tp       d2m   minTemp  meanTemp   maxTemp  \\\n",
      "uvb            1.000000 -0.542531  0.207021  0.178164  0.646908  0.814723   \n",
      "tp            -0.542531  1.000000 -0.026735 -0.030362 -0.396103 -0.525549   \n",
      "d2m            0.207021 -0.026735  1.000000  0.844778  0.688015  0.418258   \n",
      "minTemp        0.178164 -0.030362  0.844778  1.000000  0.733621  0.427566   \n",
      "meanTemp       0.646908 -0.396103  0.688015  0.733621  1.000000  0.888285   \n",
      "maxTemp        0.814723 -0.525549  0.418258  0.427566  0.888285  1.000000   \n",
      "RH            -0.682426  0.533305  0.096649 -0.120361 -0.655171 -0.789409   \n",
      "WS            -0.455617  0.332360 -0.348695 -0.102235 -0.413626 -0.514348   \n",
      "durationOfDay  0.565297 -0.239931  0.648436  0.545241  0.744674  0.694178   \n",
      "disease       -0.123398  0.094522 -0.011685  0.077144 -0.045664 -0.085335   \n",
      "\n",
      "                     RH        WS  durationOfDay   disease  \n",
      "uvb           -0.682426 -0.455617       0.565297 -0.123398  \n",
      "tp             0.533305  0.332360      -0.239931  0.094522  \n",
      "d2m            0.096649 -0.348695       0.648436 -0.011685  \n",
      "minTemp       -0.120361 -0.102235       0.545241  0.077144  \n",
      "meanTemp      -0.655171 -0.413626       0.744674 -0.045664  \n",
      "maxTemp       -0.789409 -0.514348       0.694178 -0.085335  \n",
      "RH             1.000000  0.211931      -0.346836  0.050376  \n",
      "WS             0.211931  1.000000      -0.552250  0.166533  \n",
      "durationOfDay -0.346836 -0.552250       1.000000 -0.238470  \n",
      "disease        0.050376  0.166533      -0.238470  1.000000  \n",
      "---------------------------------\n"
     ]
    }
   ],
   "source": [
    "for file in os.listdir(target):\n",
    "    df = pd.read_excel(os.path.join(target, file))\n",
    "    df = df.drop(['date', 'latitude', 'longitude', 'stl1', 'e', 'sp'], axis=1)\n",
    "    \n",
    "    # Print the first row of the modified DataFrame\n",
    "    # print(df.head(1))\n",
    "    \n",
    "    # Check columns for numeric types before calculating correlation\n",
    "    numeric_columns = df.select_dtypes(include='number').columns\n",
    "    if len(numeric_columns) > 1:  # Ensure there's more than one numeric column\n",
    "        correlations = df[numeric_columns].corr(method='pearson')\n",
    "        print(correlations)\n",
    "    else:\n",
    "        print(\"No numeric columns available for correlation.\")\n",
    "    \n",
    "    print('---------------------------------')"
   ]
  },
  {
   "cell_type": "code",
   "execution_count": null,
   "metadata": {},
   "outputs": [],
   "source": []
  }
 ],
 "metadata": {
  "kernelspec": {
   "display_name": "yang",
   "language": "python",
   "name": "python3"
  },
  "language_info": {
   "codemirror_mode": {
    "name": "ipython",
    "version": 3
   },
   "file_extension": ".py",
   "mimetype": "text/x-python",
   "name": "python",
   "nbconvert_exporter": "python",
   "pygments_lexer": "ipython3",
   "version": "3.12.3"
  }
 },
 "nbformat": 4,
 "nbformat_minor": 2
}
